"","pepNumber","num_NA","s_1","s_2","s_3","s_4","s_5","s_6","s_7","s_8","s_9","s_10","s_11","s_12","s_13","s_14","s_15","s_16","s_17"
"AT3G52930",6,0,0.115112102487277,0.0419661558470896,0.0259808515313569,0.0136622140704198,0.0119628383892098,0.0136988626236687,0.0169693717373837,0.0309899808009804,0.0601102808128798,0.0773678592282036,0.0734887426876977,0.070802252274587,0.0928008759156596,0.0175081650082307,0.186049231444481,0.0297526892005995,0.121777525940275
"AT2G31390",3,1,0.109593371689032,0.0405037477810993,0,0.0051643074888597,0.00608182403597637,0.0162685837588248,0.0205918052697322,0.0596550595030338,0.0669899952342439,0.0570291322574079,0.0516848718093061,0.0497311356123556,0.0925513344921298,0.0195509398964996,0.25215694655856,0.0291321004107149,0.123314844202225
"AT5G38480",5,0,0.0721243416757149,0.0461641882950342,0.0254410899274092,0.0243062977484781,0.0237885210275117,0.033767657725132,0.0480233226926571,0.0612506986481923,0.0637183745853775,0.0536136007635947,0.0448767303480895,0.0304867557094895,0.0693153520415262,0.0237901327940055,0.241069544543073,0.0242653556544721,0.113998035820242
"AT4G02520",2,0,0.0419340958220444,0.0529305463439568,0.0251180428839722,0.0239950111061328,0.0305077901969736,0.02830568569045,0.0494594628703507,0.0898976871146339,0.0727669885395248,0.098277795745918,0.0663982652217807,0.0726852387807103,0.0589593119645952,0.0161021815014258,0.165746362551424,0.014966447329591,0.0919490863365161
"AT5G42980",2,0,0.0651754575058236,0.0515289757055528,0.0324642173682136,0.0422542746055111,0.0363533628278876,0.0380763335118274,0.0550618970786092,0.0660289028941466,0.0622243366213283,0.058449054407609,0.0470543567138436,0.0392906390894421,0.0541834897322607,0.020993486647856,0.186879640589908,0.0357144048000548,0.108267169900126
"AT1G77120",6,0,0.104708080665902,0.0503110592237351,0.0289519393365667,0.0147110957684524,0.0139845559979673,0.0121346852187,0.0267032749838883,0.0423902000546268,0.0534206575128463,0.065737933394034,0.0558856326539945,0.0534399736401673,0.108468396094586,0.0318599720472797,0.15427963690626,0.0398862145266574,0.143126691974336
"AT5G16050",2,0,0.0285787234147441,0.0113636805572162,0.0288427919188464,0.02663102088993,0.0353384689748433,0.0674795525799497,0.0722297657699944,0.0794575196407201,0.0756272408151282,0.0612116334584224,0.0641965291941569,0.0640243826773349,0.0435354296494364,0.0324103272893686,0.267826042864934,0.0164620385462581,0.024784851758716
"AT2G36460",6,1,0.087477329980119,0.0419592701416734,0.0254098142772104,0.0205161954178784,0,0.0186909701425236,0.020438093468506,0.0295103033679552,0.0515395015437779,0.0638430709254534,0.0706166922197749,0.0597608937231203,0.0876392563542932,0.0211348645359061,0.225675830332925,0.0320455904345198,0.143742323134364
"AT5G20290",3,0,0.127554554270646,0.0613981582242529,0.0593652385654747,0.0325635609994133,0.0288081401676478,0.0288967250955321,0.029309174199466,0.0200416450135249,0.0148783962914699,0.0101072107520851,0.0111322728451502,0.00740620213799482,0.124546153093369,0.0482387590655525,0.130149217407757,0.0761864969109975,0.189418094959666
"AT5G19550",6,0,0.110975511568173,0.0366328799383188,0.021482589298938,0.0106021559530169,0.00938491060899358,0.0108690289383923,0.0175825599779722,0.0396276076131649,0.0636935465972697,0.0643376974527905,0.0547586752931452,0.0535900268978538,0.0758762050527423,0.0201049171106363,0.106662842246443,0.0307244831039066,0.273094362348242
"AT1G04410",2,0,0.0660171624696159,0.0443624346380783,0.0228698326345118,0.0156500920036459,0.0162546223101571,0.0273560568435224,0.0468604914356276,0.0638089689071169,0.0703417961252056,0.0773207170556553,0.0565350602181037,0.0521207147556494,0.0577757412605009,0.0190537223340622,0.22700970172881,0.0277091785348667,0.10895370674487
"COMB_AT1G33120_AT1G33140",4,0,0.105315343041204,0.0622289828972498,0.0606144719886737,0.0424806163714688,0.0414697645194335,0.038072061445907,0.0283203656788634,0.0241377499892394,0.0147023842543617,0.0114042043555554,0.0111669860795042,0.00836232882536089,0.105984924261963,0.0586297852555846,0.076855686096418,0.129738906292206,0.180515438647006
"AT1G77940",2,1,0.122045012270394,0.0404663265623593,0.0222950694783012,0.0194957044797291,0.0118312042535913,0.024926255287071,0.0203935096290854,0.0161015085029951,0.0151296200232966,0,0.00867579693988189,0.00630552917403282,0.0988570581839813,0.0378286720313267,0.127046168239224,0.164652713128298,0.263949851816433
"AT3G55440",6,0,0.119766711289844,0.0338298151609993,0.0170421248430317,0.0081300851451422,0.0174755852852756,0.0215595740096429,0.0420569992944461,0.0531805863617472,0.0637885858242804,0.0518964182653037,0.0470035790060866,0.0389929876672159,0.0897389875578948,0.0212669830278331,0.188167146617492,0.0287795114038277,0.157324319239938
"AT3G09440",3,0,0.151537870547412,0.0464659467603711,0.0196157617800876,0.0187497853899419,0.0190027612470275,0.0163155152489257,0.0326202503432114,0.040798429617077,0.0447795346136852,0.0334139683496081,0.032815135866292,0.0276696132494031,0.0939958901124191,0.0188321096805369,0.202265277711372,0.0521404405022746,0.148981708980355
"AT3G14990",7,0,0.140584409599157,0.0226801275264866,0.0148634843009074,0.011519336578543,0.012618032520962,0.0239770045055258,0.0344267286264599,0.0509947571598832,0.056612724721975,0.0489089955996159,0.0412667216784508,0.0358246355963502,0.0803173184056425,0.0168841184371536,0.250371311583253,0.0228714455960612,0.135278847563573
"AT4G09000",2,0,0.105570890859928,0.0436487774201649,0.0291175920466203,0.0303640154647141,0.0316937436933866,0.031216898709682,0.0610553703698859,0.0625980466591153,0.065121428726618,0.0529868957668592,0.043314927353804,0.0410328270017136,0.0972263641813444,0.0240990410254607,0.166166095651217,0.030438665461784,0.0843484196077015
"AT5G09810",3,1,0.114070415595652,0.0605853717312839,0,0.032414396487941,0.0266284782276638,0.041559480025035,0.0238721464079093,0.0503833140101636,0.0577624700520337,0.0445712959406098,0.040828257399022,0.0382667738302547,0.0956630641973693,0.0390819592952258,0.114757622605808,0.152755838880807,0.0667991153132204
"AT5G19510",2,0,0.0990685134583899,0.0433304006594157,0.0373658351213876,0.0136655776992638,0.0135092729474982,0.0202101175282629,0.0363394306534803,0.0691794713808674,0.0915690926362262,0.0808089106078803,0.0668002756714704,0.0602366079451266,0.109003801530675,0.00911523528155991,0.158032200525821,0.0158311291330093,0.0759341272196663
"AT1G07890",7,0,0.0629483654604503,0.0370874451801895,0.0195476069592929,0.0186871422511663,0.0184521645714258,0.0411851945047719,0.0428629568906431,0.0770413223709808,0.0751832769596961,0.0802137612605474,0.0622539745691573,0.0611665148253731,0.0727976258477279,0.0146664309292961,0.218851455476257,0.0205697598206328,0.0764850021223923
"AT2G26400",5,0,0.104455927514193,0.0380825112527531,0.0288264350595453,0.0211898548397357,0.0249029478068005,0.0272157717171014,0.0403316629582061,0.051706062763583,0.0587742507719094,0.0514499886808196,0.0409778067755685,0.0366133830499995,0.107342787158663,0.0205381073342452,0.192717232413765,0.0265958342730643,0.128279435630048
"AT1G72370",7,0,0.111059129582576,0.0699968312890397,0.0529158291871548,0.0475983766369567,0.0345382940732459,0.0317284241352812,0.027964261771516,0.020494390521943,0.018017375452887,0.0164498307102044,0.0135275891632416,0.014330737437187,0.1138009965654,0.0405195592979987,0.157614797339538,0.0946684134466739,0.134775163389157
"AT3G04920",2,2,0.0510688148946439,0.106002706156457,0.0401258373379239,0.0165539185045154,0.0168349548863955,0.0200402219053181,0.010711942277795,0.012429584235284,0.0100823119327746,0,0,0.00692521572873053,0.107240273160509,0.0720636109277714,0.211219777676436,0.0972461760712777,0.221454654304168
"AT2G30870",2,2,0.130659577723296,0.0328853278536961,0.0163043388780612,0.010042866824764,0,0.0182418026350208,0.0470491341854648,0.0685979447955884,0.0703023920267723,0.0778107122661614,0.0567848856306367,0.0572324990440903,0.0666648378595353,0,0.155455696309468,0.0156555275661107,0.176312456401334
"AT5G27850",2,0,0.0880289566461621,0.0554227948207694,0.0639516664294604,0.0298923574160499,0.0396960491612495,0.0275929818746997,0.0308785443066986,0.0211429923558663,0.0160397883704409,0.0119519794503253,0.0102772903465484,0.00791686122546471,0.123601310559564,0.0712324506726187,0.100487906241468,0.147143281222863,0.154742788899752
"AT1G79550",9,0,0.102553548908175,0.0302781280333753,0.0206069425745836,0.0212934626733276,0.0197214617379803,0.0279455232972735,0.0453435834147837,0.0554865342863845,0.0642244530810441,0.053342761824044,0.0429603584278911,0.0369287525651129,0.0600507580711417,0.0129630672387231,0.219246412858666,0.0129210628292332,0.174133188178261
"AT3G16420",3,0,0.0580071718980336,0.0408273887210741,0.0407071601764704,0.0326737092778659,0.032876930088235,0.049606705285073,0.0509557598981347,0.058538488060926,0.0479281026616096,0.05812557018214,0.047589711055334,0.0460300310363053,0.0515134169427858,0.105899358953945,0.0309029355251893,0.135217025376438,0.112600534860441
"COMB_AT1G22780_AT1G34030_AT4G09800",4,0,0.0851815918315301,0.0608223506991565,0.0694760128221053,0.0374620894071209,0.0354894908009218,0.0302893522971111,0.0252684031028887,0.021403782921142,0.0161922038696607,0.019513065893611,0.0115676060568406,0.0116802008991333,0.111833107192484,0.0441945198009239,0.152536286296772,0.0937394327928582,0.173350503315739
"AT5G20830",15,0,0.14119570039644,0.0482677002184298,0.0265575200567595,0.010890978943599,0.0103053405174343,0.00836057728318085,0.0055684297006047,0.0115637584849827,0.00598117744336734,0.00980037521795914,0.0196857700876136,0.0354887656752971,0.111815442830294,0.0238089743670911,0.25868474569898,0.0390538207173545,0.232970922360612
"AT1G65930",11,0,0.100431460423289,0.0389430284428089,0.0169513231437223,0.0148516861780651,0.00969008182634348,0.0162426717189441,0.0236061435916074,0.045998620122178,0.059862478396709,0.0642580946794943,0.0574971372211392,0.045431520210722,0.0719029839408184,0.0134281177941908,0.194215449349651,0.0161739494136846,0.210515253546632
"AT3G04840",2,0,0.0797853219083801,0.0516689223633952,0.00983434858369417,0.0247180207362556,0.0218140395378999,0.020695501539712,0.0208253462670415,0.0213672494822601,0.020870104115109,0.0114068635349156,0.00841214227538175,0.00966220422566188,0.145449461943281,0.0563909158973547,0.18353585413069,0.101968937169921,0.211594766289047
"AT3G52580",2,4,0.150630256470252,0.0649219339979056,0,0,0.0346801019839176,0.0340530174767912,0.0399406461438017,0.0229614425820845,0.0162233695070465,0.0137524351218986,0,0,0.113035410828857,0.039128921354977,0.107291232352532,0.0978546742683129,0.265526557911623
"AT3G52880",12,0,0.108002391894835,0.0309404748716172,0.0177424446800556,0.0138505509643669,0.0155616039992963,0.0204046049834659,0.0372884294778094,0.0497547322401166,0.0553125615052354,0.0533610733504341,0.0459414959131077,0.0379286151318304,0.0874290645984944,0.0173870514206831,0.207515202961846,0.0203243503309136,0.181255351675892
"AT2G36530",11,0,0.120641304969697,0.0298208869861652,0.0150850016809322,0.00939437461100236,0.011330165192902,0.0126781754905876,0.0301554269853439,0.0498766380604679,0.0645342413783964,0.08289058444878,0.058485886441278,0.0532682444264267,0.0908772139365565,0.0118521362361472,0.163300174443055,0.0132240664735611,0.182585478238701
"AT1G22300",5,0,0.0825400465862348,0.0413326695764964,0.0260585295692643,0.0328425230449246,0.0281429623113261,0.0285150983145255,0.0447902307344258,0.0564566967309831,0.0546873912229173,0.0549347879838217,0.0434346263424519,0.041572085233404,0.0961683219279296,0.0139081575392303,0.265211241673893,0.0323121959948171,0.057092435213355
"AT3G13920",2,0,0.0698019897071668,0.0288733538827669,0.0357743616134193,0.0598511231493024,0.0746969211763059,0.0463054909304308,0.0596347281932803,0.0559879679983314,0.0443272967829534,0.0395478542283769,0.0246803481197586,0.0287777297665612,0.0961110741297197,0.0453998901732642,0.144240570865648,0.068402409379809,0.077586889902905
"AT4G27090",3,1,0.0677837936025955,0.0517937369517714,0.049278523717574,0.0422184594098304,0.0359185284697863,0.0373837330189861,0.0231455665621267,0.0187736063510833,0.0197367454624572,0.0168586486753908,0,0.015467616792205,0.138465246175584,0.0523988966011317,0.105364831298853,0.156051447579365,0.169360619331261
"AT4G27450",3,1,0.0962838542128841,0.051548647231714,0,0.0175559334009301,0.0197276600922469,0.0307074879946648,0.0341487241400467,0.0563701809951574,0.0730608792944417,0.0397575814945633,0.039815774590961,0.0357069203951578,0.0689130418582515,0.023011667553779,0.220460733905711,0.0468831624266068,0.146047750412884
"AT5G17920",7,0,0.0889137904310817,0.0279642429452101,0.0247130405660515,0.0160233995428894,0.0206529389227743,0.0274966658383693,0.0526680825340261,0.076794463517434,0.0783540163998048,0.0645676722796793,0.0807433183270025,0.0561854924143673,0.0678817509192817,0.0130239783718634,0.130173818434241,0.0238609428788748,0.149982385677048
"AT2G16060",6,0,0.0374015020701243,0.0509242991274005,0.0465752101472873,0.0495205377888442,0.0634876432324137,0.0507450947675067,0.0571312185340433,0.0632182831926039,0.0582472776569146,0.0551124803530711,0.0458452190511517,0.0291881937037127,0.0673305858857109,0.0410191062560168,0.127369926727256,0.0721791984187651,0.0847042230871772
"AT3G16400",4,0,0.0858475010095636,0.0471234479494386,0.0129012259846701,0.00998252088553371,0.0172469148755246,0.0161820692815978,0.0312863020367769,0.0602963137832947,0.0651687366244348,0.0538646839610758,0.041603616841421,0.0420201985025834,0.063878918077495,0.00897900145226878,0.225803763095576,0.0104043429907579,0.207410442647987
"AT3G16450",6,0,0.0325872050606246,0.0424454745051375,0.0489996582091954,0.017714230077932,0.0195768273211712,0.0191524515127172,0.0221513188006584,0.0325188665051554,0.0363353511703873,0.0390333017121135,0.0351120767517095,0.0347264491100957,0.0590128544784194,0.212417798971869,0.0590679054037623,0.195863759592645,0.0932844708164064
"COMB_AT1G07920_AT1G07930_AT1G07940_AT5G60390",11,0,0.13444560720567,0.053997084423591,0.0369581342382544,0.0313928013871067,0.0303470715305086,0.0347648865674864,0.0296174843747839,0.0331551377769499,0.0379672461185042,0.0277084822586247,0.0248292840188233,0.0255996761034583,0.154272682946233,0.0737368638485963,0.0659933268613545,0.119163055269207,0.0860511750708484
"AT4G39260",2,2,0.196998456975485,0.0442153043107308,0.0476735077067148,0.0067976087212793,0,0.0375641527200682,0.096726637917768,0.0279549615830354,0.104244145973368,0.0111527713084362,0.0391417154135826,0.00868537833933071,0.15287722485571,0.0184208080829765,0.183236512589736,0.0243108135017792,0
"AT2G01250",5,0,0.0632234354395906,0.0417149817498178,0.045478409602853,0.0431236611462157,0.0351653826660478,0.0305102863159668,0.0275703065190242,0.0212815514555397,0.0130347465684881,0.0118129776798805,0.0153038399181919,0.0055301654306285,0.0976018657340939,0.0522000083807204,0.117751136712544,0.100805979110302,0.277891265570095
"COMB_AT5G62690_AT5G62700",4,0,0.0728858798756323,0.0317376446098943,0.0735407466121881,0.0880551056595497,0.0564338966633862,0.0501392163800429,0.063354526715842,0.0521165382724572,0.0487946880721722,0.0634636794858497,0.0371405289660095,0.0512241733316018,0.0547139059802471,0.0293940304560634,0.0953705809651278,0.0810866067047061,0.05054825124923
"AT1G57720",5,2,0.121406891749853,0.0332537717504358,0.0259376603650822,0,0,0.0109047347996695,0.0293101852963448,0.0474365465316323,0.0640941566434204,0.0610578502327256,0.0490937911801047,0.0517626010116203,0.107777236597512,0.0109462027810488,0.190472102158749,0.0330992398359075,0.163447029065893
"AT3G53990",5,0,0.0760826429689106,0.067582725335324,0.0413375099558843,0.054096909274975,0.0508997260453962,0.065891781829832,0.0611733033972896,0.0643194936113652,0.0606257771646102,0.0460945282788642,0.0418594058445995,0.0543885085367439,0.0552266683218534,0.0298263775152929,0.124825560638671,0.0609931363068326,0.0447759449735557
"AT2G30860",5,0,0.134550482462665,0.0387648783462707,0.0215218117874648,0.0165517542215491,0.0213823468706477,0.0250341409239914,0.0434203321500687,0.0649575460538105,0.0722127177851166,0.0739055106663992,0.0589074218454509,0.062849674881029,0.0830142458437483,0.0134871029474901,0.139297704672582,0.0269426185990671,0.103199709942649
"AT3G09840",3,2,0.087745364646417,0.0251020965048597,0,0,0.0151815814970586,0.0158621859988141,0.0187451999434023,0.0284720555868948,0.0351460907084877,0.0629019637710553,0.0836911549512663,0.0879255279174068,0.0827248815460738,0.014630891164525,0.331579809394758,0.0256642446071273,0.0846269517618532
"AT2G24200",5,6,0.1204694521356,0.0720691781643649,0.030087873176145,0,0,0,0,0,0.0136963364978557,0.02561465020804,0.0457314738553839,0.0600460153076014,0.0939538014652295,0,0.257731258651952,0.00768302031281711,0.27291694022501
"AT5G65430",2,0,0.115324687239633,0.0385361247999461,0.0257145104022142,0.0310218808592655,0.026767154902663,0.034947593740638,0.0560831460277147,0.0542222656075299,0.0518557973944252,0.0477437981781055,0.0462761941880905,0.0388355815863238,0.102919464243185,0.0164267633219202,0.193782102633023,0.0256151118919325,0.09392782298339
"AT5G65020",13,0,0.0589394425525539,0.0518512715460391,0.0307217088441338,0.0185730269124568,0.0193521306612731,0.0213388125822711,0.0381292748491393,0.0640095270515721,0.0852617362430211,0.0716166134905246,0.0650455761910411,0.0600578622699738,0.0724334512839416,0.0199228085398863,0.219001258425152,0.0229960419914886,0.080749456565532
"AT4G35630",6,0,0.12560860136525,0.00734751425351526,0.0121936632545775,0.0282088848391923,0.0347388239133071,0.0462646177855936,0.0577466805929837,0.073913300725538,0.070084365879606,0.064847707173873,0.0498103097206848,0.0417767771137311,0.110549394987076,0.0151181942731784,0.128763009048669,0.020198164492584,0.112829990580639
"AT3G44310",3,0,0.101949728795035,0.0247209266813017,0.0132857517188246,0.00939386172539996,0.00950275395529327,0.0123853491897531,0.0191039244952012,0.0334359082202239,0.0419176695155685,0.0646529584275554,0.0704786873065036,0.0675652573348978,0.0616161236445472,0.0224254624116482,0.204623548817959,0.0277008619174527,0.215241225842835
"AT5G10450",2,0,0.0745678684840727,0.0473446099242132,0.0268159425204582,0.0246144403415754,0.0315117465131255,0.0249372149428233,0.0301201666677784,0.0563153986450736,0.0653472937206354,0.0426224157112264,0.0323519176403803,0.0334343120407353,0.0998593692796036,0.01629050417443,0.276675560207329,0.0372459462621228,0.0799452929244168
"AT3G49910",3,2,0.113932703857847,0.0665667753044877,0.0348145282318708,0.0289666032660447,0.0295775245398264,0.031276327064381,0.0242301857675755,0.0217940334090533,0.014770130527956,0,0.00636425216317588,0,0.138550443990845,0.0548825913045156,0.113054710457353,0.15112199320578,0.170097196909288
"AT1G43170",6,0,0.131519146730862,0.057984521999453,0.054446518423089,0.0384807578899762,0.0390026694405069,0.02532256098948,0.0267712414381076,0.0211110123591029,0.016036509568092,0.0132750273431648,0.0102674963872204,0.00872429651023127,0.11116421006225,0.0567218654091901,0.0800371632482896,0.121801271772091,0.187333730428894
"AT3G43190",12,2,0.125493296627609,0.0533224935314195,0.0262535564152287,0.0120892899781489,0.0137309053126173,0.00613139532815262,0,0,0.0112240408693353,0.00846666047675185,0.0203557964769938,0.0251659146936695,0.103625987568052,0.0330658077689264,0.224591831935948,0.0532926756307901,0.283190347386357
"AT3G16430",4,0,0.0632358039847309,0.0208256345063499,0.027487254118304,0.02312709514244,0.0339848180037004,0.0411940172127424,0.0542640671054212,0.0593769990154545,0.0490972863919949,0.0752971559015271,0.0367470742356989,0.0390701318282002,0.0638615658660063,0.109606139382146,0.241102089591302,0.0322359104134994,0.029486957300482
"AT1G56070",11,0,0.0780800235464988,0.0292599906400098,0.0250508332305383,0.0205925096074013,0.0212551307308769,0.0327051492501492,0.0436892572845494,0.0733369588574309,0.0850694937143013,0.0703490657689198,0.071402686779166,0.0686522498018197,0.0785935167055329,0.0291998258182479,0.12719879874951,0.035827789066075,0.109736720448973
"AT4G09320",3,0,0.125060639543706,0.0371419677343408,0.0180323875817375,0.00658195919444054,0.00817051948523284,0.00944923293860619,0.0185675320619792,0.0370882140814025,0.0598803583428273,0.0574886125029575,0.0644171945676285,0.0458071149631137,0.0915766288849933,0.0213856960217591,0.12803734915071,0.03602482857695,0.235289764367615
"AT1G18210",6,0,0.0433477009330537,0.125164846069296,0.0832273843079134,0.0676151492043941,0.0649028902249487,0.0527593076247546,0.0567566435153469,0.0741297769040843,0.0650575611286168,0.0547167487197309,0.0432563354946753,0.0482940106420077,0.0386808626710175,0.0091175706954168,0.13334525045789,0.00562884286424347,0.0339991185426095
"AT5G19440",12,0,0.103355474462337,0.0273552062150203,0.01744934488449,0.020125527838713,0.0228195940420338,0.0302306509669899,0.0389647684218473,0.0530911074633247,0.0554943823962301,0.0545402658490466,0.0429103604306061,0.0419083729026175,0.0628010415811617,0.0192080559227726,0.247499093202413,0.0275772492775932,0.134669504142804
"AT3G15950",23,0,0.0357271088468118,0.0988345109418736,0.0748611907381963,0.0570977613432062,0.0542303234066161,0.0533817685216562,0.0613146194575131,0.0665036527707318,0.0615814804467953,0.0469635143286651,0.0452295872860892,0.0365461223142511,0.058766231452245,0.034549468734601,0.142330255190452,0.0293874782770992,0.0426949259431971
"COMB_AT1G07660_AT1G07820_AT2G28740_AT3G45930_AT3G53730_AT3G46320_AT5G59690_AT5G59970",5,0,0.0662308712813304,0.00928000979984364,0.0369258032002897,0.0481538862005923,0.051354653982328,0.0453615272642245,0.039906152437814,0.0350488827479313,0.0277497781700972,0.0284002932290091,0.026901459249158,0.0366905114341066,0.179502634767022,0.096661861059238,0.0356386534108043,0.157515893248013,0.0786771285181984
"AT1G09640",3,0,0.106736541663287,0.0351126890776511,0.0201021073291741,0.0137572737255069,0.013352080044613,0.0167911554283163,0.0284254344252108,0.0478489060361514,0.0640913764376097,0.0708788506874501,0.0514402685762451,0.0566215682720992,0.0947858664353361,0.0200894458762581,0.15787308447457,0.0333705358581545,0.168722815652366
"AT2G41840",5,0,0.0895764132882861,0.0570703840016205,0.0495665663303519,0.0340874225041705,0.0294160800521178,0.0288435801191272,0.0265093592143859,0.0239852139694234,0.0178766537197108,0.00856784575446523,0.00626038618964862,0.00398031988632523,0.142778723029041,0.0495868283650167,0.167981215847173,0.0856638218665332,0.178249185862603
"AT3G48930",3,3,0.166869349991477,0.0461860322952215,0.042804743649411,0.0377308838087929,0.0271808660045535,0.01458574921592,0.0248908296807789,0.019462530308501,0.0170506819367634,0,0,0,0.10640067151461,0.0817393077796674,0.172148433743886,0.13536002814774,0.107589891922678
"AT4G34670",3,3,0.0785013520487187,0.0598555950949753,0.0743510402756252,0.0428217861134398,0.0362559015019181,0.0394407169698673,0.0274297611720112,0.0474229025642639,0,0,0.0163245657589011,0,0.132674012476613,0.0506898693545683,0.160215777976102,0.0510641549463411,0.182952563746656
"AT3G12390",2,2,0.0887791464491688,0.039806580878905,0.0209802659971694,0.0232630072497953,0.0196003770938834,0.0234176052185824,0.0319899653026748,0.0668533655435347,0.0499069999247879,0.0389151655807548,0.0483089056283208,0.0321032420239788,0.106897734054024,0,0.285044009328515,0,0.124133629725905
"AT2G01140",4,0,0.159377060113177,0.0137812960161451,0.00774124392460635,0.012920453891027,0.0126435333589521,0.0167652483979694,0.0198454503818086,0.0284537229087975,0.0415639768410595,0.0514256586918334,0.0505533790543817,0.046768264420876,0.135050617178047,0.0145561820487218,0.217217674557242,0.0267994801728031,0.144536758042552
"AT1G78380",2,0,0.142240365499399,0.0386315549903843,0.0241606816974696,0.0104809983896611,0.014198449749852,0.0117468041514627,0.0288411230097831,0.0402190571202316,0.0447454462228307,0.0492845610276108,0.0448886243400372,0.0386432991358361,0.113393340364995,0.0308688273217222,0.0746917126504001,0.05452309162761,0.238442062700714
"AT4G22670",8,0,0.122290070960938,0.0380875266027601,0.0399876795710268,0.0124013712686609,0.0114152262282152,0.0161182866559838,0.0338696201264291,0.0455616452217102,0.0686097407204364,0.0465999322595308,0.0500392478980036,0.0358266290189599,0.106089135111511,0.0067512234888152,0.308078549347948,0.0162212601488936,0.0420528553701762
"AT4G36130",2,3,0.094039508176534,0.0498721664271576,0.0551319663832545,0.0503880542967479,0.0469975994545559,0.0379035854981433,0.0329778227976526,0.0256296282197506,0,0.0118828945681976,0,0,0.109906706184587,0.0685440507853224,0.136726420800863,0.15809987204989,0.121899724357344
"AT1G52130",12,3,0.118200370754977,0.0348053699877861,0.0238676613338458,0,0.0375906222969662,0,0,0.0207573433529127,0.0358103638742611,0.0415043469881304,0.0484811418410236,0.0352380230128936,0.135164622498957,0.0532055808959708,0.191629079069972,0.0402349490769223,0.183510525015381
"AT5G13420",9,0,0.123688281071712,0.013687588164789,0.0141605351770477,0.0284083786001031,0.0345234549716228,0.03951481555407,0.0503695000719094,0.058091946371552,0.0532616279910617,0.0509623553337001,0.0378269338811995,0.0360954897509864,0.121142646148742,0.0216433231989035,0.174617001630918,0.0144434909465679,0.127562631135116
"AT5G42020",4,0,0.0328302575959147,0.175141352648499,0.156834024530644,0.140164117157253,0.11206516948127,0.0887821773352497,0.0541085601568877,0.0442956150595285,0.0307771216618168,0.0293571882526392,0.0134857731612208,0.0122535057077331,0.0273873169834481,0.0147047180854685,0.021493044401463,0.0213429822109307,0.0249770755700322
"AT2G16600",2,1,0.0749931505831572,0.0715552080510623,0.0436758508041979,0.0348866728658878,0.0515010098574618,0.0421032816133988,0.0873707472926531,0.105851952180041,0.0648495723210557,0.0918532966096937,0.0757566257969858,0.0545960566070685,0.0406410678951805,0,0.0875953704550131,0.00689921758052251,0.0658709194866202
"AT1G02920",5,0,0.07415680928533,0.0304857413321646,0.029074794754745,0.0348744523436772,0.0221430639884079,0.0334232158841627,0.0553848307269299,0.0800906789437085,0.0835274120229167,0.101424700352802,0.0499820076372257,0.0898237822813107,0.0720127108548925,0.0367648568428646,0.0727635222857206,0.0504009115219098,0.0836665089412313
"AT2G44120",2,0,0.0769581141007163,0.0503773091613029,0.0428710089338178,0.0409280418855715,0.0433390666230515,0.0378890021521399,0.0294054369668699,0.0181372797191928,0.013383368658567,0.0147161949979577,0.0090888837812407,0.00728657574128561,0.137638062429226,0.0750240461742671,0.111666067095363,0.142970564222766,0.148320977356664
"AT1G18540",2,3,0.0884881826038952,0.0717823155817003,0.052631116560849,0.0365497160900289,0.0439247161421261,0.0190583999179722,0.0174377151721028,0.0170378930484117,0.0133225634598152,0,0,0,0.110146670126048,0.0523377840057156,0.0755873322752423,0.120687582969761,0.281008012046332
"AT5G15200",2,0,0.116861855368504,0.0515395846228443,0.0816040613491148,0.0537290994995729,0.041441283509831,0.0463842946497664,0.0455382250612506,0.0360664387277178,0.0264690565605391,0.0245912539261361,0.0198460181641847,0.0182870552472774,0.0763192094368604,0.0366199497883981,0.0896022546314568,0.068237686403564,0.166862673052982
"AT3G15730",13,1,0.0838020891296156,0.0495514286629589,0.0263158971098767,0.0187665508031914,0.0215763525539197,0.018045064725844,0,0.0242465471199743,0.0522599358049457,0.0446704990559281,0.0572520397841007,0.03602240492684,0.0813706062817277,0.0204486033908868,0.229593312656316,0.0311276569231608,0.204951011070713
"AT5G02870",2,1,0.0756722924307583,0.0632898332051087,0.0601104578285938,0.032144319692809,0.0345223715931904,0.0237102689913999,0.0213242667742088,0.0199212045293805,0.0171528561408862,0.0131750744056284,0.00932919662369484,0,0.155123652003517,0.0571425142353598,0.0974760949123346,0.168231753097227,0.151673843535902
"AT3G02360",7,2,0.0906170987838208,0.0425899686764916,0.0407822329148534,0,0,0.012719649911616,0.0198909414380642,0.0325557755664842,0.0545950246800073,0.0604717626268195,0.0586340368547252,0.052768468183104,0.0738886878541331,0.0226354460787226,0.2068969160436,0.0406550689869465,0.190298921400612
"AT1G18080",6,0,0.136719002577023,0.0686061995353134,0.0374407702020061,0.023814353263578,0.0256890117134011,0.0210840946616209,0.0226467334673476,0.0165380710205646,0.01482616258527,0.0124906327692542,0.00960271345117176,0.00983374183694242,0.11004012888637,0.0345151449046966,0.127329987163538,0.0902866202905616,0.238536631671341
"AT2G47730",3,4,0.089719186261111,0.102250537277307,0,0,0,0.0151305885199801,0.0275249764172649,0.0590845447325478,0.0683102544879023,0.0631737847905654,0.0490880119775178,0.0292318012774818,0.100877140861202,0,0.282343195896604,0.0438725180732493,0.0693934594272671
"AT2G31610",2,2,0.112864889395938,0.0806123994687906,0.0384354267708277,0.0174962305209164,0.0203861898846223,0.0295506218011369,0.0215398819670164,0.0120690412397821,0.0110220468158858,0.0128769861278614,0,0,0.124815511727547,0.0437594779158419,0.146788908353396,0.112699353806741,0.215083034203696
"AT1G17170",3,1,0.091276046821672,0.0209341167710941,0.0112632511300336,0.00574050269990365,0,0.0166384728814486,0.021109614626166,0.033818968189561,0.0436928311249286,0.0369126692319833,0.0382426028688298,0.0330629024485456,0.111982925854163,0.0208206187114043,0.34337682348347,0.0444280299829872,0.126699623173809
"AT2G43090",4,0,0.164800617840923,0.00947684420378518,0.0115960881291887,0.0236208768574425,0.0289729029035536,0.0363124640158121,0.049474774321427,0.0652993612509736,0.0700833163385095,0.0626442548937432,0.052463089779122,0.045416327886357,0.133415060632766,0.0135466661943835,0.146953458162916,0.0137296642185858,0.0721942323705116
"AT1G17290",8,0,0.088366967482697,0.0259664961001317,0.0204660058145909,0.0213840717390077,0.0239897351624064,0.0235763215380795,0.036962205674976,0.057213564863591,0.0627876983072121,0.0744374684742108,0.0768128131369044,0.09105261157961,0.0694436506470592,0.0211833177937907,0.114618935718734,0.0230905744114489,0.16864756155555
"AT3G12490",4,2,0.0369068810403786,0.0996155158157637,0.0766036015827769,0.0603461048921278,0.0457021638879029,0.0439165637845146,0.0525835000481591,0.0674602531153859,0.0620891770167314,0.0597184275704115,0.04508279676289,0.0484348188807435,0.0336955534683178,0,0.245138518305669,0,0.0227061238282271
"AT3G62120",17,0,0.0473846072499832,0.0138301206071011,0.0124411902280172,0.0346064614921119,0.0415779679276162,0.0434230264226983,0.0660029175425173,0.0877553272212561,0.0983323679391227,0.0879959395764288,0.0707846899229499,0.0650848569690801,0.0472517579208692,0.0169071251305679,0.154316547887981,0.0397972906694904,0.0725078052922091
"AT3G16640",3,0,0.107814649090406,0.0367903034276609,0.0255954559961433,0.0348769847118976,0.0395403946511499,0.0326015271894091,0.060539094099334,0.0604093667591532,0.0653015095217991,0.0693668382634119,0.049601144222831,0.0490189470401904,0.0752516915527069,0.0370949605705964,0.137209126027312,0.0459399632690727,0.0730480436069258
"COMB_AT5G19770_AT5G19780",4,0,0.0984332693224143,0.046009432370036,0.0897982336862386,0.0386632392935244,0.0405279472151603,0.0272739342918196,0.0255226159096976,0.0304186502878096,0.0326762571567605,0.0277397932534992,0.021665332359077,0.0212749312269534,0.069219516801248,0.0245335651565395,0.178954587582448,0.0777069124866586,0.149581781600115
"AT3G53870",3,3,0.134408398799409,0.0804474390748358,0.0330854168542694,0.0267119225882821,0.0203062870801638,0.0273606720906115,0.018724586288783,0.0139650970678302,0.0124908908227896,0,0,0,0.136863779073701,0.0324920608409352,0.122334914614134,0.0890480964152282,0.251760438389028
"AT1G30580",12,0,0.0894518275961143,0.0360120382106639,0.030165550139701,0.0340889842898411,0.0331157807738962,0.0389802774453784,0.0510735342052747,0.063932312864279,0.0593480114188346,0.0551661516466417,0.0424354609419419,0.0400091272481574,0.0702150556218057,0.0271510802536355,0.193712568383029,0.0288379201756742,0.106304318785131
"AT4G13180",4,0,0.0901512705553788,0.0337737228284973,0.0240502465663258,0.0245913871568063,0.0152203105442966,0.0261926632388785,0.0351340820852781,0.0350062772959812,0.0387373629478564,0.0396362566495615,0.0302986385210449,0.0291724867650775,0.0833492777716764,0.0271223164488647,0.220715540684959,0.0365159944081367,0.21033216553138
"AT3G03250",6,0,0.0835763445829101,0.0368446376117576,0.0304403269336214,0.029665575984071,0.031072579102904,0.0279732374920491,0.0432359526975583,0.0616252789355493,0.0657833552675356,0.0557688713704096,0.0498297086844875,0.0432542281252793,0.0661715173190218,0.0102907304703913,0.22300829082926,0.0155611958916821,0.125898168701512
"AT3G09630",2,0,0.0824909355834585,0.0504514963725628,0.0636820374999999,0.055237403433385,0.0472518652050004,0.0418737078012976,0.04039685717197,0.029927937312008,0.0215971171862221,0.0171423985972313,0.0124266020459969,0.0102741383008795,0.122128959364238,0.0615495509041357,0.124505372266031,0.106752539846647,0.112311081108937
"AT5G48480",4,4,0.164511061888322,0,0,0.0178313319839185,0.0243781934901397,0.0246398467724576,0.0374321611456855,0.0424010035439913,0.0442596846529214,0.0387536825498531,0.0354139670159851,0.0367553861081004,0.07608124833896,0,0.289678327065716,0,0.167864105443949
"AT1G12310",3,3,0.0270352712619584,0.0407884442025359,0.0582706842134584,0.0649282065088559,0.0622603395296242,0.0621642648197231,0.0730447765872894,0.0667749777242907,0.0666114082229762,0.065158438127539,0.0516983860747883,0.046868248185914,0.0888194927456942,0,0.225577061795352,0,0
"AT3G58610",10,1,0.135496572947794,0.00600603820984335,0.079374183769397,0.0347442330560454,0,0.0208254617311256,0.0150216379796452,0.0224697215376966,0.0350098515040547,0.0389679292148394,0.0351211826038652,0.0345141716163971,0.105662946315093,0.0278046142488196,0.192062793931528,0.0451962805657492,0.171722380768107
"AT4G37870",12,0,0.0953119575782342,0.0678043877666186,0.0441230736305532,0.029415766973509,0.0289457795280049,0.0286501042959666,0.0250538444087163,0.0262955388920075,0.0321679476070978,0.0441717597351507,0.0510100240942493,0.0704160608590434,0.0822381055881572,0.0256251662858104,0.174759250114951,0.0359674296509168,0.138043802991014
"CONT_TRYP_PIG",2,0,0.0888721085711773,0.0427823484719101,0.0497226302978701,0.0640687997944097,0.0620948560541033,0.0642669954332008,0.0633195154294372,0.0576139419642898,0.0741053390413878,0.0631775029841437,0.0448856928625231,0.052346284769456,0.0918594201546144,0.0342048555762356,0.035796098034507,0.0370100540531653,0.0738735565075688
"AT5G58070",6,0,0.0207409344738777,0.087200304115622,0.0985814524310392,0.0975802160428002,0.0896591290609037,0.0813961454395588,0.0838220844932597,0.0558920767686959,0.0493743293347789,0.0448209471031415,0.0423562072427638,0.0349997246429094,0.0596046425874767,0.0613928830036629,0.0358387994913398,0.0481610279779556,0.00857909579021429
"AT1G72680",7,2,0.110814313006264,0.0504727593597498,0,0,0.0174163159862135,0.0229234968401635,0.0287484310010226,0.0437355111218981,0.0484559005721024,0.0407805788769854,0.0441370879346048,0.0438646934249153,0.0887084659945907,0.0150642975916532,0.229192723240256,0.0297074126156912,0.18597801243389
"AT2G44060",9,0,0.0888070204455857,0.044630629170283,0.0497150787756911,0.0434048961578119,0.0520124523239629,0.0427221575374988,0.0535262739281284,0.0632228560559699,0.0575363517810861,0.0593949153303036,0.0439409287248657,0.0383742529393862,0.0675597551791422,0.028282999017753,0.182346787501033,0.0395874268160922,0.044935218315406
"AT5G11920",11,1,0.159473831492896,0.027552741589585,0.0132489010047725,0.00716057517217047,0.0295354434611071,0,0.0113877531343191,0.019232467337675,0.0396294680331313,0.0400388935981736,0.0451506825422267,0.0360214588229731,0.0821115449003069,0.0292146737946137,0.192742965821777,0.0432347868709319,0.224263812423341
"AT1G26630",2,1,0.0754632520494479,0.0596408050430455,0,0.00622563753835851,0.0453640056183308,0.0389815880799024,0.0248106064301656,0.0718191421426198,0.093618926302665,0.0670785563284654,0.0516788056542845,0.0527754920132359,0.081097103330403,0.0397265431368371,0.186783481544255,0.0341371272700678,0.0707989275179154
"COMB_AT1G04480_AT2G33370_AT3G04400",3,0,0.133537199361555,0.0536825808405011,0.0509154848431883,0.0378033154545232,0.0380176186764828,0.0343942841464745,0.0286378279526814,0.0191019324289416,0.0154303561955449,0.0111987040310978,0.00690024048150721,0.00619263367916091,0.114200107578666,0.0520231412157327,0.0947971559780905,0.113386813904658,0.189780603231194
"AT1G48920",6,4,0.0927718085627563,0,0,0.0215738498284885,0.0166639519432691,0.0451720279470157,0.0587027943228986,0.0655082679638157,0.0800430492388751,0.0639631067398611,0.0511661670754662,0.0501005197854587,0.104377320671347,0,0.267594800830781,0,0.0823623350899673
"AT2G38380",3,0,0.0428717340774838,0.0628135460272944,0.0580524628777408,0.0321449634560796,0.0279596147870143,0.0459330362749182,0.0623053058525263,0.0851744938807141,0.0847516314343767,0.0853700406410964,0.0736219853788042,0.0714788332170651,0.055712431385423,0.0161767704138639,0.145769655674526,0.00610145940624278,0.0437620352148305
"AT1G53240",5,0,0.0730665251170818,0.00886804778548437,0.0146499832913837,0.0272874288577179,0.0424085742299574,0.0593388704291744,0.0684175625297954,0.0856309204761362,0.0905056404157221,0.0949638131589586,0.103338973634204,0.126794221274423,0.0687377116960536,0.0338120319061434,0.0128272081176396,0.047293366433215,0.0420591206469101
"AT5G11520",3,2,0.0617070454733702,0.012850589735577,0,0.0168957955096886,0.0129704140131529,0.0130678809085323,0.0177633277825296,0.018206747325393,0,0.0178385062786488,0.0173772615206302,0.0166570055089561,0.0878200312907592,0.221391050436347,0.0192596986279725,0.379445941520645,0.0867487040677975
"AT3G49010",3,0,0.0417449606950839,0.0492007135902104,0.0482771303211675,0.0456167355916908,0.0374612669224666,0.035022570754839,0.0208029124198497,0.0175089168863044,0.0131447007904159,0.00877650103558497,0.00634147699080697,0.00612406190912058,0.13529471385459,0.0660816093395175,0.107247865855575,0.138850037591514,0.222503825451264
"COMB_AT2G43460_AT3G59540",2,0,0.0654502467458683,0.0484857622070797,0.0497093026137431,0.0460438217745956,0.0312452695812789,0.0362257935165465,0.0334598492982474,0.0310224533318742,0.0674170890173327,0.0139529066163536,0.00467417150998461,0.0117099450123007,0.119520230626803,0.0536585981175631,0.132039353533448,0.138122289395863,0.117262917101118
"AT2G19730",4,0,0.0927375187435693,0.0605503259035197,0.068344237265945,0.0454017450598115,0.0482693848754493,0.0294061821654574,0.0382159949175767,0.0304277927163172,0.0233598778362344,0.0159392259805716,0.0132143155264067,0.011192225007076,0.14349557162913,0.0760127457847749,0.110946074145422,0.119115227637274,0.0733715548054645
"AT5G23540",4,6,0.124303672248203,0.057971145505049,0,0,0.0121628935741555,0,0,0,0.0181275357061401,0.0179021738959012,0,0.0242963577390692,0.169377517714205,0.0302825672860796,0.327712717909169,0.0647495824462643,0.153113835975764
"AT4G35830",8,0,0.092363408176673,0.0366976589794141,0.0637584543748817,0.0116122759092744,0.0106071338704787,0.0132510643309309,0.0150300343442093,0.0410868788994433,0.0685531688500918,0.0570769169548831,0.053904703535555,0.0515874026617858,0.0764002701233453,0.012459255346665,0.226523050812908,0.00867675078468533,0.160411572044775
"AT1G27450",2,3,0.113541259378183,0.0328962046165679,0,0.0234822402675571,0.0303888184394239,0,0.0451980293562509,0.0523037951772062,0.0369336188311766,0.0351227322904901,0.0340969976860807,0.0360764677000098,0.0542018543738381,0,0.31338083426068,0.0172052090460745,0.175171938576461
