"","pepNumber","num_NA","s_1","s_2","s_3","s_4","s_5","s_6","s_7","s_8","s_9","s_10","s_11","s_12","s_13","s_14","s_15","s_16","s_17"
"AT3G52930",11,0,0.110227424577611,0.039588056932992,0.0296724800956909,0.0125875557075159,0.0206768375328684,0.0189933951748591,0.0169479808390079,0.0296344831828595,0.062919497278746,0.0827740216783533,0.0740794305744768,0.0726049284859788,0.0822795887227916,0.0164589535190133,0.191071925193477,0.0249653968482722,0.114518043655487
"AT2G31390",9,0,0.0869772050696708,0.0375815424374299,0.0196200402098157,0.011152497432233,0.00902718622016245,0.018565479650205,0.0411640639414122,0.0699111667908189,0.080968605722658,0.0728989477896981,0.0619017738733664,0.0619616054229251,0.083597532668042,0.0176948425479486,0.198508520775978,0.0271128250116206,0.101356164436016
"AT5G38480",8,0,0.0789821340996148,0.0412900689957544,0.0316772323965347,0.0267076063362544,0.0301956850285882,0.0375977838530426,0.0582714549266987,0.068115222156585,0.0695165944709131,0.0602953300893239,0.0522632004296728,0.0388163181487252,0.071565172500065,0.0147636800598608,0.192657120475946,0.0245502079332245,0.102735188099196
"AT4G02520",7,0,0.0486549315993852,0.046013674729966,0.0278288240656916,0.0275174361171149,0.0310241689006387,0.0378558770438979,0.0608573726589121,0.0948956754298169,0.0887963276071296,0.106473807849568,0.0854312311502513,0.078145857435329,0.0508754310183001,0.0185974124428822,0.101309308430078,0.0230151220155812,0.0727075415054576
"AT5G42980",8,0,0.0905192518133271,0.0440653456415086,0.0297288050064661,0.0332766827347581,0.0354443075224079,0.0385973591743847,0.0515989021073304,0.0626931976415437,0.0664015454642913,0.0570585677589416,0.0468824473056571,0.0391226873443563,0.0706638550897446,0.0175345554135679,0.157259191619656,0.0211292627808337,0.138024035581225
"AT1G77120",18,0,0.102270850009616,0.0486231357722238,0.0319090148283682,0.0135884012775537,0.0162769622776153,0.015371837426335,0.0267552549486748,0.0549243061000933,0.0693874361898457,0.0755324494291645,0.0640933039847388,0.0649607699843387,0.0800652422213061,0.0256687229655564,0.123368010984902,0.0332992977382749,0.153905003861392
"AT5G16050",5,0,0.032358452006669,0.0216448258694755,0.00891616362754819,0.0517931540827245,0.0289196705151534,0.0402835685284852,0.109260078409999,0.0538478470994601,0.0542521092041941,0.0524903937008758,0.039790966139628,0.0408523863269314,0.0504068274621557,0.00952885742671816,0.297668692872789,0.0157527633657121,0.0922332433614808
"AT2G36460",11,0,0.0854933377375661,0.0482404025162407,0.0340181849231259,0.0177560805951202,0.017399093889351,0.0135767790051017,0.0165141141901944,0.0315439222491477,0.0522247267274271,0.0706379804511066,0.0692516610674389,0.0640862372484829,0.0869277051878466,0.014829376759296,0.215353130189135,0.023608488748178,0.138538778515241
"AT5G20290",9,0,0.139824366318013,0.0619550977644929,0.0658366076429161,0.0390465206054601,0.0345930932895983,0.0308904516505669,0.0330957591536962,0.0239529327499409,0.0184157023407567,0.0117446448045104,0.0120899248772155,0.0102780300671633,0.107771713589203,0.0473714424436262,0.106941812987965,0.0726213903186511,0.183570509396225
"AT5G19550",20,0,0.0935881237027855,0.0383634154667173,0.0187961324745511,0.0126393400037554,0.0124892958352745,0.0135795930351374,0.0225527373842054,0.0466105784915423,0.069626009638158,0.0708918890892028,0.059863591062968,0.0601051260813514,0.0725762039085172,0.0218186572035628,0.118955080877192,0.0240873359391179,0.243456889805961
"AT1G04410",7,0,0.0864137050910352,0.0347502019062758,0.0226243579878717,0.0214266448585616,0.0165438417666312,0.0213040167770146,0.0363236544177903,0.0631748629708895,0.080653559015571,0.0675889973462288,0.0583126067344296,0.0535135604387436,0.058659495515174,0.0144445883522766,0.228897997772855,0.0225052993046196,0.112862609744031
"COMB_AT1G33120_AT1G33140",7,0,0.0925510470670093,0.0695385827493274,0.0624309829628751,0.0491437692845182,0.0488994755397736,0.0461180027816699,0.0341894453721408,0.0287634286793533,0.0186271461033277,0.0151332694413159,0.0135763640547845,0.0100257121235808,0.0935419912633333,0.0565565078434592,0.0767608754345561,0.118173314560472,0.165970084738503
"AT1G77940",4,0,0.0997157811568385,0.0297109400943249,0.0235813835729594,0.0151410680373019,0.0114847879413177,0.0190201252532238,0.0351997843083014,0.0212763971846499,0.0180551842880956,0.00915972606765868,0.120815895476411,0.0098486162144024,0.0897564196180238,0.0464403108288894,0.114662209816298,0.154490769425838,0.181640600715466
"AT3G55440",11,0,0.11279102869847,0.0360869404113625,0.0176422344223442,0.0121061749442569,0.0192854320166868,0.0261156617831545,0.0533528601953467,0.0593286992562593,0.071204859837519,0.0575016500415048,0.058149164332892,0.0441474295917782,0.0741880168095566,0.0211405021355929,0.153016990390385,0.0278596439082638,0.156082711224626
"AT3G09440",11,0,0.114238469319403,0.0392672572864392,0.0206137904597458,0.032504372136214,0.0213292992223784,0.0212003413698875,0.0343085931732791,0.0369131136560632,0.0474497374786552,0.0424154763176524,0.0359683610121948,0.0290426429091948,0.0841275948179283,0.0741384597408735,0.155360122936058,0.042199995133455,0.168922373030578
"AT3G14990",14,0,0.116523617591408,0.0259361845164834,0.0168356077255724,0.0144174012401601,0.021830067235908,0.0262463583536818,0.0451284412780593,0.0619918996713423,0.063795077542424,0.0568669369263807,0.0496912212320874,0.0425224643196388,0.0722190570223642,0.0128518925738624,0.177700591329413,0.020600551713764,0.17484262972745
"AT4G09000",6,0,0.100514377912726,0.0354395039607898,0.0253620791847792,0.0279094475079901,0.0284931135764772,0.0381664097049115,0.0568398476533995,0.0648218146365241,0.0671157253239506,0.0612595931593813,0.0531254240873086,0.0475158593106151,0.0945738760762923,0.0240930911577508,0.17747916451551,0.0292664725886625,0.0680241996429311
"AT5G09810",6,0,0.0834712122071135,0.070031224033976,0.0515527515599163,0.0368936025120604,0.0385255875281226,0.0414046267031488,0.0328296406139574,0.0460219015601076,0.0477124611627587,0.043654218919924,0.0403117069824032,0.0338226075958316,0.0915537082905286,0.0509797118667986,0.107632068573611,0.126009229879172,0.0575937400105704
"AT5G19510",6,0,0.0915151356412834,0.0406553884410348,0.0190322510288069,0.0152217169051268,0.0124261281122936,0.0327455113114665,0.0383842687782947,0.0672237338067416,0.0910822212635028,0.0811345595098472,0.0750200934865577,0.0741479964619174,0.10993044621485,0.00999684768523324,0.194263573658507,0.0164466035844127,0.0307735241101229
"AT1G07890",13,0,0.0792251472030179,0.0317467026379863,0.0166753704003509,0.0145882250656557,0.0196875386831687,0.0462026082147053,0.0371867658614907,0.0792131593869004,0.0806742035877751,0.0915415990205038,0.067078732765737,0.0675913640279825,0.0715166732559631,0.0170962953706024,0.178565055822033,0.0195530982628805,0.0818574604332467
"AT2G26400",8,0,0.111379804540615,0.0369662099337985,0.0258758180760344,0.0249214848003519,0.0280772205357879,0.0321828056542522,0.0458862155263322,0.063205956876126,0.0700872333541398,0.0292357732286172,0.0497277241084177,0.0458339757185327,0.107244557771602,0.0242327192665198,0.172793890233788,0.0289007017379997,0.103447908637085
"AT1G72370",8,0,0.117222512580998,0.0748797878226164,0.0520926308470459,0.048220080639907,0.0370916135595502,0.0347600721453317,0.0295862959610453,0.0230146773465433,0.0210866080586712,0.0185398725295268,0.0155585783767229,0.016299439893302,0.114273611052583,0.037125334326538,0.154142202180597,0.0750044461951183,0.131102236483903
"AT3G04920",3,0,0.082669259204615,0.0888056180192956,0.0527086079546633,0.0324478619622702,0.0353567426612321,0.0279992576253184,0.0224341292215641,0.0158768289492283,0.0164839128950057,0.0093972057182652,0.00686417661675747,0.00764268938971588,0.102605068580971,0.0425797126946958,0.178616134028181,0.0729203658268373,0.204592428651384
"AT2G30870",7,0,0.102933712053183,0.0392833450798227,0.0196634669722374,0.0104063257232597,0.0197493323003622,0.0258753287176718,0.0482246338310664,0.0671308800900485,0.0707079682771982,0.0719634533960369,0.055708673814401,0.0545377259519931,0.082676683082478,0.0163195194677333,0.158318143286315,0.0188771256351785,0.137623682321014
"AT5G27850",4,0,0.0788779140972527,0.0717744341856585,0.088916699457074,0.0263577263567963,0.0567529988680522,0.0498393435760794,0.0475560599405843,0.0244845845646001,0.0229605003032594,0.0173221395521015,0.010674452083334,0.0134606225102556,0.110274193198699,0.0712732145893998,0.119691253997737,0.137410994716519,0.0523728680025965
"AT1G79550",14,0,0.11269647211508,0.0292140042900995,0.018065111636062,0.0176819376797739,0.0221305317355071,0.0314453516693439,0.0436661549819082,0.0601220621178586,0.0705831784293626,0.0605117128615184,0.051386784407707,0.043362746269801,0.0680046776584652,0.0105958593308567,0.207870333675132,0.0113299147095076,0.141333166432017
"AT3G16420",9,0,0.0352234837737671,0.0460381131465247,0.0410144004410958,0.0337998237989957,0.0397488743449499,0.0401616677364169,0.0562601106678257,0.061951686850962,0.0516316454836861,0.0619566762476438,0.047615302388382,0.0495651104102747,0.0403909931073219,0.104856952125858,0.0492167874311328,0.14610189814878,0.094466473896383
"COMB_AT1G22780_AT1G34030_AT4G09800",5,0,0.0962042160685101,0.0692163755591988,0.0546957892482926,0.0342650457320391,0.032782759217273,0.0320573915436951,0.0256167948309391,0.0234109986242426,0.0187625284723248,0.014282424790031,0.0111205562807762,0.00768167591537387,0.138964986527989,0.0554549687787782,0.164285435729863,0.116289101672883,0.104908951007791
"AT5G20830",32,0,0.141006546888874,0.0473047366948634,0.0310066938010541,0.0135704001956249,0.0135275041180359,0.00858323438210152,0.00843760438243423,0.0115284967121485,0.00929328899053839,0.0145659224902276,0.0246898240751449,0.0434381936962738,0.103952405417764,0.0251120814769647,0.252662854906645,0.036940980118602,0.214379231652703
"AT1G65930",17,0,0.093653214524051,0.0383290057290641,0.022832756917996,0.0184594308264157,0.0198782847058866,0.0124420906191631,0.0266071867178289,0.0525035537906701,0.0694933593904657,0.0705059606914163,0.0654468433114268,0.053457580619258,0.072625550737861,0.0145788964440999,0.206724868688378,0.0170657853989475,0.145395630887071
"AT3G04840",4,0,0.101901179750314,0.0608831692609371,0.0490161968768367,0.0403278812168877,0.0376721454028889,0.0338204047436735,0.0304981903137678,0.0263261525903232,0.0219481683832876,0.0170490530556817,0.0117733456989823,0.0139497391237977,0.136439954440033,0.055603508768498,0.181775129403779,0.0737906038539453,0.107225177116367
"AT3G52580",2,2,0.150209622012355,0.0643808564389034,0.0327586298611739,0.0123235816030688,0.0280420993205788,0.0265128139098568,0.0301616600441088,0.0250621583579947,0,0.0152867723632897,0,0.0122814282654836,0.107014656969267,0.0399187356748222,0.0978581044289485,0.0920171467990767,0.266171733951073
"AT3G52880",18,0,0.109374814247108,0.0305252422890033,0.0219925619221617,0.0160032653062889,0.0173715576500258,0.0260673173617576,0.045363045024419,0.0512238646284618,0.0653194562112388,0.0685231114549598,0.0523858880032546,0.0472538888559009,0.082074332982971,0.0171631508905454,0.202400099293558,0.0178186295299611,0.129139774348385
"AT2G36530",21,0,0.1131927309651,0.0383594032252696,0.0181025551057842,0.0118685636565525,0.0137803976537503,0.0178486453834319,0.0339715440189102,0.0602768444464038,0.0813930235494732,0.0896181526254309,0.074068984422228,0.0619227420446905,0.0818924910681391,0.0108541721167704,0.148422233970754,0.0136398664289437,0.130787649318368
"AT1G22300",8,0,0.0905640810643508,0.0417667343189227,0.0265777719237599,0.036744602354757,0.0299765624925671,0.0329666178175335,0.0481451852291269,0.0583166759938172,0.0646732894647544,0.0564500392550908,0.0563567324422128,0.0445428180603786,0.0980569386091883,0.0262748759388099,0.215971351718912,0.0321961602005772,0.0404195631152414
"AT3G13920",3,0,0.0687632816921244,0.0283493063414462,0.043347102625138,0.0597557726500336,0.0757356920332625,0.0485352931578052,0.0618698057570646,0.0598655185512916,0.0478103080700529,0.0426858366604481,0.0265270137939573,0.0315775750336572,0.0900911394536329,0.0441389265350926,0.130256648660726,0.0636851958773845,0.0770055831068823
"AT4G27090",4,0,0.0807089945294588,0.0357458825557034,0.0356306120404113,0.0290746898731049,0.040973213430654,0.0339167502084352,0.0255295293134455,0.0255189414848654,0.0179887839942937,0.0142185324862384,0.00860072291657954,0.0140566542160671,0.139212078777757,0.0610495488196134,0.111312251254467,0.164308864986143,0.162153949112762
"AT4G27450",7,0,0.14603044102906,0.0439499208536524,0.0271873790357466,0.0263413218385627,0.0455521122408824,0.0370102493415176,0.044061178989776,0.057364999214468,0.0661316689566097,0.0572563157601284,0.0594469048281152,0.0523983798416298,0.0808896596119894,0.0317724368336374,0.164644576619154,0.0405454789443238,0.0194169760607464
"AT5G17920",12,0,0.0902049673978879,0.0281700372510786,0.0276248443583767,0.0175472711426029,0.0205696079473984,0.0286579694635475,0.0566987541684906,0.0797111218411723,0.0898648905628762,0.0854098721296985,0.0835183538631677,0.0700796838304798,0.0706176544571098,0.0124149531489773,0.123726519609326,0.0236474147016218,0.0915360841261878
"AT2G16060",10,0,0.0471094002954811,0.0453672173755703,0.0444897887073192,0.0486189434988069,0.0609024018747547,0.0511206278356899,0.0634618105085832,0.0609484791343908,0.0613110227677768,0.0647051413342096,0.049269241253904,0.0365573663124351,0.0639290862754942,0.0451979671716534,0.118181695636335,0.0655976083038299,0.0732322017137664
"AT3G16400",6,0,0.0760902152631216,0.0521515088084186,0.0176246735592622,0.012215413890709,0.0221221229643313,0.0185838052899258,0.029780595426814,0.0672834887566587,0.0732608708171658,0.0577075104349772,0.0474771760342455,0.0460453241950102,0.0569737368058024,0.0086974103306374,0.232606771581967,0.0107094496924818,0.170669926148471
"AT3G16450",14,0,0.0441924532455786,0.0426322992075962,0.037240063329944,0.0199431954597997,0.019106187730937,0.0217018214595849,0.027322853132478,0.0354761362586879,0.039318649494008,0.0413707288829361,0.0368652190514077,0.0383901480969085,0.0622489923027742,0.21062745416765,0.0497673242406415,0.197435461855489,0.0763610120835792
"COMB_AT1G07920_AT1G07930_AT1G07940_AT5G60390",17,0,0.118892161903925,0.0587606561922123,0.0354574624039748,0.0478940748193904,0.0452003550821906,0.0475017929903833,0.0408172688982735,0.0435872039146911,0.0426116166538971,0.0373925106369135,0.0320930591892652,0.0337933490592839,0.121612786942649,0.0666521838397311,0.0586393355061328,0.0996112800651138,0.0694829019019724
"AT4G39260",5,0,0.132219897969454,0.0370982234146928,0.0352639063732774,0.030398924087815,0.0327622740286388,0.041618363672778,0.0732426641551316,0.0617026606356383,0.0783420343771568,0.0626359884158932,0.0526232122667364,0.0437739238101943,0.112632039617394,0.014904783282946,0.123730232730019,0.0203629520494478,0.0466879191127864
"AT2G01250",9,0,0.064925971928096,0.0504517677972795,0.0611099191482442,0.0543604768492745,0.0483743656713617,0.0483498044974979,0.0377285011139981,0.0308023635624665,0.021946460737087,0.0192574508999783,0.00938255914539372,0.00758946190274794,0.0930877121436312,0.0468312618966021,0.093011990557101,0.091411926254848,0.221378005894392
"COMB_AT5G62690_AT5G62700",4,0,0.0635614502618447,0.0337560172899702,0.0669184268793987,0.0904846457366277,0.0779870722098688,0.0518315488894945,0.0510859976390843,0.0654856453401617,0.055616814841302,0.0648329915440403,0.0444069739529344,0.0523542409912361,0.0546365508990349,0.0282658062734417,0.081419125417672,0.0766470490269947,0.0407096428068931
"AT1G57720",9,0,0.111226120124565,0.0298213019441591,0.0151326286964562,0.0255583799128096,0.0240538181775835,0.0127226573196314,0.026218667048266,0.0511975431266565,0.0738205169792957,0.0601321722529475,0.0529525984010388,0.0574795404777269,0.0834296589131519,0.00920238784119012,0.199260321199315,0.0335505111050828,0.134241176480124
"AT3G53990",11,0,0.0630419854825908,0.0515117555354145,0.0304541287421718,0.0474224638847938,0.0507365612473934,0.0879211451127359,0.0598612605713314,0.0829701661932293,0.0769028574306536,0.0540021817639111,0.0463518742949588,0.0546517203936044,0.0475424731282312,0.0292674028765203,0.133070818350087,0.0399873462197292,0.0443038587726437
"AT2G30860",7,0,0.155693910879533,0.052783534945918,0.0402597376939753,0.0141570112014365,0.0182018836350923,0.0217899164583696,0.0427671402663439,0.0603874656674957,0.0860638820824602,0.0674637445023405,0.0533219894585876,0.0532940364952781,0.0709958085635239,0.031094403758652,0.119189162239623,0.029650303577772,0.0828860685735983
"AT3G09840",8,0,0.0959802958222844,0.038012886133196,0.0214176427412792,0.0209929045758272,0.0147375797759926,0.0143023096584412,0.0191390934609752,0.025576622631969,0.0348616575442324,0.053187688159034,0.0801788838127869,0.0841385957819996,0.0774475420032493,0.020962269119447,0.27310251816453,0.0329753881766979,0.0929861224380587
"AT2G24200",16,0,0.0949001229931598,0.0670126617100735,0.0339634828565176,0.021082574964883,0.0360615778733737,0.0130859079619301,0.012347349041969,0.0280356521349615,0.0188235151415228,0.034759973661763,0.0568363302022001,0.0753111084260825,0.072713398050566,0.00946345329391529,0.183954843632744,0.00717279658942039,0.234475251464918
"AT5G65430",3,0,0.11233627603202,0.0379860548363623,0.0267426466948385,0.0261891845465471,0.0286246303872074,0.0375479441018872,0.0602069646668186,0.0592442044860564,0.058025193529759,0.0531167019440846,0.0519796075202798,0.0425837867697227,0.0951784138602961,0.0163697897333288,0.17836700966936,0.0235285760342183,0.0919730151872129
"AT5G65020",17,0,0.0535955892966008,0.0441192578345159,0.0293407827441471,0.015309270537785,0.016444694738335,0.0223066353615069,0.0394633195811865,0.0710729108460537,0.0885140936718007,0.0782558517147575,0.0691889232933289,0.0674379339881954,0.061921388017314,0.0202561540917782,0.217840172953787,0.0231398461424036,0.0817931751865033
"AT4G35630",8,0,0.116161794766842,0.00637972866775332,0.0133289370350706,0.0303579389261536,0.0389593403471014,0.0483548842947947,0.0625396540065642,0.0775840535667552,0.0733144995830649,0.0701406708228471,0.0550405799788795,0.0468778373630643,0.114048563958838,0.0136503062510927,0.114458860575291,0.0172233341082083,0.101579015747678
"AT3G44310",4,0,0.0892030996278226,0.0215098994575779,0.018701793300942,0.0108916218392521,0.012034198990211,0.0121870707098769,0.0236748434834252,0.0380391566342689,0.0526889934842909,0.0787286033771207,0.0935338475540654,0.0955203814499428,0.0511836734960479,0.0109033971075166,0.16375573200526,0.0198780300528448,0.207565657429535
"AT5G10450",4,1,0.0799675190693767,0.0485749465001563,0,0.0162730286488608,0.043583545099327,0.027988845572525,0.033129419863892,0.0634748327593429,0.0700925798018151,0.0466281983117415,0.0385315222604833,0.0398409102342136,0.0948508607868162,0.0183894173269366,0.252555981128419,0.0386966528618196,0.087421739774274
"AT3G49910",4,0,0.101685549883085,0.0601089166414564,0.0331742587378879,0.0282640750376836,0.0288367787464993,0.0275006002924174,0.0238333015984639,0.0215877867046508,0.0170973997278639,0.0599226324916942,0.00873245765804101,0.0393792378492306,0.118273910608465,0.051663529887318,0.0919225437990812,0.130143489611734,0.157873530724428
"AT1G43170",17,0,0.121807025244367,0.0558274822025017,0.0532639836159821,0.0407006471885463,0.0347237316745611,0.0298710670601113,0.0304935639051155,0.0258053981938915,0.0219212974425591,0.0174966645850401,0.0168904046626511,0.0150564165079246,0.102965877233798,0.0567627405036444,0.0915036539097093,0.122280866230585,0.162629179839011
"AT3G43190",24,0,0.0873587849919287,0.0511262742427367,0.0766303097133606,0.0846528002080698,0.0514508830304376,0.0547965734986835,0.0437008418315986,0.0290064849346544,0.0173060702700868,0.0131673568101501,0.0167429545484907,0.0202965367445781,0.0644135328135772,0.0262701959055801,0.129391859191262,0.0410698949221995,0.192618646342606
"AT3G16430",7,0,0.128262335788599,0.0284379691296328,0.0298872201609407,0.017896660239645,0.0172095862939991,0.0446695721135304,0.0518597566890817,0.0558259860354487,0.0475074337512388,0.0695345825170801,0.0404898347316985,0.038579723580151,0.0519641126912076,0.1081316150217,0.186271206848965,0.0304783193497704,0.0529940850573104
"AT1G56070",23,0,0.0837989821846257,0.0278981649177836,0.0160614193411645,0.0140830800500898,0.0188979422424467,0.0363842571566659,0.0554163237901701,0.0832299448549001,0.0938984412746221,0.0747099318943872,0.0782985414677281,0.0668979284882511,0.0652032347368904,0.0249105565363924,0.121658985327121,0.0308603309633025,0.10779193477346
"AT4G09320",5,0,0.112217646617783,0.0361190308405771,0.019528839099269,0.0104563520761219,0.00945722698827332,0.0108972697143297,0.0219069780872322,0.0435542866209936,0.0645363974139055,0.0686887508830871,0.0670337647288738,0.05459386973049,0.0878437195842497,0.0217414031775246,0.118841478166004,0.0316649178416663,0.220918068429619
"AT1G18210",11,0,0.039345896251191,0.116210496846438,0.0810970580981041,0.072614726160506,0.0643337761156762,0.0572144483172562,0.0625391165188048,0.0799066547908705,0.0683124567021395,0.0613174997258008,0.0485368289440199,0.0485199494023719,0.0369080335599256,0.0118046682451519,0.112118707913269,0.00727419494462732,0.0319454874638472
"AT5G19440",16,0,0.112025303488805,0.0294221164065446,0.0139487852295759,0.0145206009338164,0.021929829362536,0.0304046175923899,0.0418351404287688,0.0596678498770939,0.0640786192124159,0.0599835889352703,0.046135290754506,0.0460387882585657,0.0692484152279639,0.0118537772501291,0.228565929401127,0.0211622992306599,0.129179048409832
"AT3G15950",35,0,0.0321907177276888,0.0875739988955952,0.0958915318733343,0.0632629085132308,0.0626071025282996,0.0584953004331469,0.0664010522358249,0.0692122485952478,0.0650183776415323,0.0524100839938565,0.0510773733286307,0.0454601392901219,0.0458406666249155,0.0357231673892842,0.114604273382008,0.0234168596794008,0.0308141978678818
"COMB_AT1G07660_AT1G07820_AT2G28740_AT3G45930_AT3G53730_AT3G46320_AT5G59690_AT5G59970",6,0,0.0669694623994249,0.00924125405442032,0.0327551976996451,0.0520437148239292,0.0497233713035169,0.0539725604189488,0.048698502602045,0.0408275902524039,0.0324153850938297,0.034176333701714,0.0339784094973426,0.0434354390598781,0.135598277706234,0.0959135489388327,0.0408024879143161,0.138822326855905,0.0906261376776139
"AT1G09640",5,0,0.102849502764928,0.0352325164837356,0.0190061637909981,0.0141437628570401,0.0147547908450861,0.0160226247978904,0.0317469720328944,0.0505140464345371,0.0674143657785515,0.0766309791493986,0.0565403310464894,0.0640276158079602,0.0915006413189993,0.0178626329992367,0.14748179959012,0.0309818040181151,0.16328945028402
"AT2G41840",5,0,0.0892755350019929,0.0565625981827292,0.0527421103393113,0.0369110810095699,0.0321857422675206,0.0376052418851202,0.0273602252346706,0.0226599052328561,0.0195842137806154,0.0117444112892352,0.00940134361497321,0.00800054788749401,0.135096934607,0.0486563624224459,0.153125154698319,0.0805077869119917,0.178580805634155
"AT3G48930",6,2,0.106956083236289,0.0357362204958375,0.0318031990556834,0.0346096402736084,0.0378179731443303,0.0198335530471067,0.0254855285208424,0.0328299413787198,0.00981584013409804,0,0.00652920830217903,0,0.101720761871973,0.240826056009891,0.16742688218733,0.0807067767454358,0.067902335596675
"AT4G34670",6,0,0.0640661122610595,0.0644599667802546,0.0642820036781003,0.0419913171591945,0.0347747636805175,0.0358866098817846,0.0288215687098477,0.0319923528208795,0.0164147084581362,0.0105334142013731,0.011820040818339,0.00897654573174497,0.106677471146157,0.0519259665210934,0.165281696076892,0.0647328552898448,0.197362606784782
"AT3G12390",3,1,0.0647159297408118,0.0279043760418514,0.0553132044632983,0.0832877592846766,0.0416585188406333,0.0499584298847688,0.044348151169454,0.0466187443217508,0.0477600148533677,0.0305778689621209,0.0421166812953842,0.0296341907853884,0.0734833883936647,0.0890891800458993,0.185571467504875,0,0.0879620944120551
"AT2G01140",10,0,0.115413667844093,0.0120563678064991,0.0146988746384588,0.0195515890529811,0.0212354934416866,0.0235846143637121,0.0281322280618222,0.0332242220844773,0.0460041012856773,0.0617355927723037,0.0678019983892184,0.0539790021324166,0.135613327005002,0.0193986251936389,0.190327467049417,0.0303578262601887,0.126885002618407
"AT1G78380",8,0,0.119184482939061,0.0430192047902666,0.0219697308271242,0.0125219738082714,0.019395566045393,0.0128568462948689,0.0478861193960882,0.0532212634693517,0.0689236135971703,0.0501236945803465,0.0548033706521152,0.0419872328648542,0.102404421938018,0.0267015018691695,0.145504339060033,0.0334282764346732,0.146068361433194
"AT4G22670",8,0,0.125891705585095,0.0389913663481935,0.0156325832681959,0.0135024714753506,0.0120968160638368,0.0214466974837412,0.0375968118919042,0.0513380159750548,0.0776377283360393,0.0534739002724389,0.0577260838846067,0.0415172514996599,0.103685980323951,0.00774964965731819,0.290077743669098,0.011764444871216,0.0398707493943
"AT4G36130",2,4,0.106279901451391,0.0560504096837825,0.021257638725778,0.0618717202330267,0.0583117946122532,0,0.0218640085418579,0,0,0.0149697205703196,0,0.0139085347921357,0.11792562738008,0.0792508491650124,0.141331922498351,0.168489934665571,0.138487937680441
"AT1G52130",15,0,0.101542526967764,0.0303638237098833,0.0180312492990807,0.0156154772998497,0.0207969536665036,0.00730819501497418,0.0132830228230447,0.015567669837353,0.0389087810012022,0.0459333536678827,0.0577754449066849,0.0442422573292473,0.129258662605548,0.0552154999183885,0.194307279986592,0.0399682855862637,0.171881516379738
"AT5G13420",16,0,0.122288361318167,0.0102077308846144,0.0133188408710337,0.0242965437392955,0.0388081119342379,0.0442334988617289,0.0517586231513209,0.0646418262342053,0.0521448113230413,0.0594442155618058,0.0406857736466385,0.0400312068771048,0.114016769144033,0.0115783890953682,0.166756760750833,0.0127665285467187,0.133022008059853
"AT1G16030",9,0,0.0684026572189926,0.0997454644392589,0.0408937892720987,0.0389808967984629,0.0422771046860182,0.0347092375248702,0.0636825727589903,0.0208155964225035,0.0222347018577581,0.0321917621594819,0.0165607761153429,0.0762085129072398,0.261651961215155,0.0224617208395043,0.0901344068448441,0.0207668663614284,0.0482819725780507
"AT5G42020",4,0,0.0268674583637644,0.154318568490512,0.219880277652709,0.13493057702423,0.109008487447773,0.0884652521557635,0.0528362916094681,0.0457440558062559,0.0310989477129627,0.0230196946678277,0.0130712966336626,0.0111582691412992,0.0237395610800043,0.0146786327981674,0.0143770336620141,0.0166728184667599,0.0201327772868256
"AT2G16600",6,0,0.0853596445076476,0.0455221008226674,0.0301851575272782,0.0403434990495188,0.0440163198052766,0.0674228411304365,0.0570860235091954,0.0894557661467222,0.0828207640218553,0.0769022444174621,0.0639876772601072,0.0550716041438977,0.0584915436146186,0.0168420217679137,0.125378271184172,0.00995117140075964,0.0511633496904712
"AT1G02920",7,0,0.114377053433726,0.0263472921441465,0.027195385766184,0.0199268010318858,0.0229970721242134,0.0348815263033411,0.0337736872426861,0.0757313822130107,0.0832467477112774,0.0639743146536423,0.0564915355073003,0.0696031019100611,0.0907826616012471,0.0824193044667927,0.0600054749095723,0.0797028251845317,0.0585438337963816
"AT2G44120",4,0,0.0735696709008885,0.0478865851305606,0.0503638967404436,0.0437062821334752,0.0467108024857382,0.041687784185862,0.0324344286217524,0.0253470347177031,0.0187446213425167,0.0162022870016455,0.0170595805032476,0.00985002723560017,0.117471986021046,0.0751273219963624,0.103348932309995,0.135276148841361,0.145212609831802
"AT1G18540",5,0,0.0848544693348133,0.0649784358834013,0.0438331311095753,0.0421828044123918,0.0433791050004941,0.0413371319734125,0.0239291670838152,0.0289322158273467,0.0204056843183349,0.0124804678790206,0.0106698144736088,0.0130389808153311,0.105939456328631,0.0570336015883757,0.085100030041562,0.125202337085775,0.196703166844111
"AT5G15200",3,0,0.12387274876934,0.0749097296398163,0.0894157538468664,0.0661574390068526,0.0503184451594108,0.0555522828152158,0.0501485756923042,0.0321046151420693,0.0236758236357041,0.0267253222114797,0.0233569123307164,0.0209100991670474,0.0821902976175286,0.0323196652970245,0.0677251667425755,0.0501419859097243,0.130475137016324
"AT3G15730",23,0,0.0812701402965039,0.0497617861747494,0.0349475047067807,0.0108593751957818,0.0174613773509349,0.0172218563071212,0.0186823095416505,0.0322417860505227,0.057555371980597,0.0540664239502376,0.0539797030278996,0.0489238823262642,0.0746054836743508,0.0184966298495666,0.209049473551127,0.0247648266573755,0.196112069358537
"AT5G02870",6,0,0.0727635881796971,0.0593924465638185,0.0671626809878362,0.0401138871721575,0.0278628443484028,0.0371032454289449,0.038060623455875,0.023153140928293,0.0199840233717648,0.0174478983560908,0.00937559740261316,0.00934230318515556,0.131075084411575,0.0546738189973656,0.104076890819609,0.131022668654496,0.157389257736304
"AT3G02360",16,0,0.077999310690186,0.0329161503968238,0.0235989829697645,0.014664870662646,0.0169121091760654,0.0156574482962257,0.0234829033335316,0.0416869953592652,0.0650994912203977,0.0672273343957282,0.0679490000843411,0.0673998603923607,0.06411466537218,0.0234628096174802,0.1847190972129,0.0360083847607924,0.177100586059311
"AT1G18080",13,0,0.122539272540429,0.0801159538269669,0.050013458148543,0.0412019235183726,0.0424830442762442,0.0362580503546289,0.0471253264578395,0.0264248729831384,0.0215679971423131,0.0198770324996292,0.0143254188263999,0.0126293602649317,0.0776039219122532,0.0380595723752361,0.0998385116803003,0.0651885323901132,0.204747750802661
"AT2G47730",6,0,0.084123664130859,0.0316733844975375,0.0247780033645193,0.00803695225761579,0.0147275631128699,0.01545733195919,0.0272733194679501,0.0516402809486142,0.0602800559521512,0.0529742291924448,0.0464755422403398,0.0397033173643482,0.115475896407567,0.033130427251605,0.268207171075741,0.0566816713422056,0.0693611894344414
"AT2G31610",2,0,0.116069845287755,0.0824407922634179,0.0331751763242118,0.0195491935175756,0.0212893257662476,0.0152675128396504,0.0146642237302726,0.0135852326092439,0.0124595947652287,0.0147613279521844,0.00971657181682738,0.00940880844855084,0.121863126399242,0.0460390168636761,0.138070473282513,0.109290803944153,0.22234897418925
"AT1G17170",6,0,0.0968182591500201,0.0204355660450348,0.0144103025729579,0.0468607468634712,0.00716877318670626,0.0165794761830278,0.0238096990472791,0.0404917837586712,0.0606809137309266,0.0450224224912992,0.0318823199096178,0.0380035193623705,0.100145350968811,0.0207790309354477,0.262535786045511,0.0417503378096122,0.132625711939236
"AT2G43090",5,0,0.1511565677176,0.00930663208150652,0.0130613040693542,0.022421696096842,0.0277800185343914,0.0371298869420565,0.0520206072325094,0.065555763810096,0.0722348425335409,0.0640471914816047,0.0533878039879039,0.0468918028968459,0.116857023210774,0.0126268689784388,0.131800585009036,0.058597068356429,0.0651243370610708
"AT1G17290",15,0,0.0833831966138022,0.0246861282214804,0.016760502084127,0.0156802440554271,0.0213917767508013,0.0284033175431547,0.0402519835903935,0.063990584916589,0.0751153941495772,0.0823953414310541,0.084592372262867,0.101242996459438,0.0624789907057857,0.0243462613126555,0.0954373445645847,0.0183750625722507,0.161468502766012
"AT3G12490",6,0,0.034285692715213,0.0945580521898783,0.0780676004821324,0.0513736204410135,0.051815578900331,0.0513901549706327,0.0494620065406266,0.0717863007804989,0.0641569606385281,0.0626451620622172,0.0462421519651692,0.056013534044977,0.0305356781530608,0.00734568953053574,0.220213784994742,0.00928485650263993,0.0208231750878036
"AT3G62120",27,0,0.0439403178997898,0.0135212066609497,0.0216039406058002,0.029602318161421,0.0400605393380499,0.0470786564295359,0.0698836178480701,0.0940073346052829,0.104453450422231,0.0946460192272656,0.0767415737558097,0.0716518370850147,0.0374990972032245,0.0146996543143415,0.136433006284512,0.0359422005854453,0.0682352295732563
"AT3G16640",4,0,0.0973736471073397,0.0285941581350199,0.0280957267039646,0.040613201268379,0.0392981083456593,0.0397115540462375,0.0584674810228387,0.0613914874426159,0.075812644504167,0.0816657321931736,0.0510026571724479,0.0582797943008978,0.0665632494958314,0.0353015802772668,0.134503786208799,0.0381514731507335,0.0651737186246286
"COMB_AT5G19770_AT5G19780",6,0,0.0928404229757221,0.0398754651408764,0.0483410456673402,0.0861594400911553,0.0385662278742231,0.0806629582575061,0.0248869041723458,0.0452847211797244,0.055723431170588,0.0318715771146419,0.0271837388658548,0.0200883492625081,0.0579914056700144,0.0243794244091302,0.120072608495807,0.0697897586218373,0.136282521030725
"AT3G53870",3,0,0.13812085146358,0.0822100337019718,0.0362993899386491,0.0196086427786812,0.0229088505641273,0.0200589418228134,0.0124416623715232,0.00974782764916046,0.00945339912451396,0.00561863303906423,0.00465561983953491,0.0111417850945997,0.133525611631823,0.0328678020627784,0.114982114329136,0.086289733762945,0.260069100825098
"AT1G30580",20,0,0.0907602132704382,0.0302103553640581,0.0262102246382284,0.0314902592290253,0.0375531959202888,0.0444003142430699,0.0556641680597522,0.0690636349851902,0.0662981722822382,0.0643780148977011,0.0462646790417692,0.0432899141221554,0.0716662310880666,0.0250148804719767,0.169135082165436,0.0274800636045619,0.101120596616043
"AT4G13180",8,0,0.0842671803015576,0.0319152142455151,0.0221367211862648,0.0249686556092613,0.0144503065339589,0.0277916687712531,0.0370130361176754,0.0371001408366556,0.0470856784012275,0.0440369417067354,0.0391665520426066,0.0362093568461377,0.0762011677076984,0.0315722760282987,0.219988270703802,0.0349773758007444,0.191119457160607
"AT3G03250",10,0,0.0552529986966609,0.0201051936532538,0.0102102173310943,0.0180918867066753,0.0231209689174885,0.034203617341339,0.05491713813674,0.0657058346587873,0.0653742456375537,0.0702531797213325,0.0622640273504498,0.0576259744771256,0.0679191567365944,0.00891853211870008,0.216753424948244,0.0234850405164341,0.145798563051527
"AT3G09630",5,0,0.0788062459991098,0.0588549334419334,0.0667751484057203,0.0567602562246657,0.0500889210876934,0.0439966858439631,0.0367486841663469,0.0253203872345599,0.022259390024419,0.0155045651032133,0.0133717975501468,0.0114843199497066,0.106911043867076,0.0619319886823624,0.0943419944723009,0.114008571742103,0.142835066204679
"AT5G48480",7,0,0.159229410265659,0.0137201446748165,0.0124824378278193,0.0227924052394848,0.0261343350374602,0.0264050591019749,0.0360188174334595,0.0471124918921314,0.0490071066655885,0.0415312141766288,0.0396348658402574,0.031085330048265,0.07704570962242,0.0073841028016851,0.252473015766054,0.00659587987565973,0.151347673730636
"AT1G12310",4,1,0.0555581538524453,0.0183674916651879,0.0187078524016632,0.0231347547250872,0.0187976002764116,0.0215553333945315,0.0261350796480492,0.0244891454472956,0.0239513407473375,0.0241285470006242,0.0193831146019434,0.0171771839994763,0.0268171719262324,0.606190810011913,0.0701165891020126,0,0.00548983119978846
"AT3G58610",13,0,0.145167098148753,0.0115615023960623,0.0139095805110123,0.0193600978375801,0.0203996496490023,0.0205843136322233,0.015392720867999,0.0248851833159387,0.0412375482660744,0.0440042097588307,0.0409489097525022,0.0356315706406531,0.136488305145987,0.0201554318621843,0.194325854297507,0.0282405178562001,0.18770750606149
"AT4G37870",21,0,0.095504050395759,0.0704855007341264,0.0437180080315327,0.0299331541799772,0.0281072463019506,0.0263945558435704,0.02601928852287,0.0240692067599735,0.0297323277997715,0.0448837246802043,0.0580746555805503,0.0713320725178545,0.0868670673268812,0.025944561389527,0.15210245228266,0.0391338518978621,0.147698275754929
"CONT_TRYP_PIG",5,0,0.0746619694846947,0.0407988658462948,0.0718326868532908,0.0550859878906865,0.0623809088431271,0.0506933384503593,0.0584727899908995,0.0707645155563803,0.0658772712606199,0.061074937710779,0.0548010597908502,0.0550233701824457,0.0854086289445384,0.0459790865740075,0.039986273426701,0.0491100916927552,0.0580482175015702
"AT5G58070",9,0,0.0187388970913975,0.0791672370521492,0.102599325368074,0.115083882166049,0.0951600347178938,0.0905918945688367,0.0870882504923024,0.0611721912450185,0.0491880347798523,0.0494398875214022,0.0447254379206591,0.0367516282772183,0.0491560176299827,0.0504383844257137,0.021221685048482,0.0403849450917163,0.00909226660325253
"AT1G72680",13,0,0.105324433947845,0.0236311468081254,0.0156298039884883,0.0109789420893618,0.0149890151348811,0.0170929269949406,0.0241166086192115,0.0430493317280823,0.0640907939706413,0.0600276049765102,0.0572281733794124,0.0458513205558443,0.0911247115978369,0.0210240052658602,0.21901761672408,0.0268205273043797,0.160003036914499
"AT2G44060",13,0,0.0853249532657302,0.048990843034954,0.0309538659957187,0.0373070253287605,0.0491313597166414,0.0465638488221775,0.0543504369347343,0.0686990687321648,0.0633013366662059,0.0618907768277481,0.0493055436515147,0.041121103296213,0.065696522224709,0.0269343526256799,0.183554354468909,0.0364212902678574,0.050453318140282
"AT5G11920",21,0,0.140808857663662,0.0226624386068154,0.0258682952659809,0.00886602463248561,0.0623731628899945,0.0620987006629597,0.0253435797386453,0.0200098759770447,0.0361289868409048,0.0450419902954928,0.0450698831716713,0.0383457573327303,0.0793004523599615,0.0249989684122297,0.142316303522085,0.0436675710890531,0.177099151538284
"AT1G26630",5,0,0.0828668616711911,0.062438414920981,0.0223982751366983,0.0213514678244241,0.0187040645627864,0.0298617715887749,0.0636022122615719,0.0500513465124995,0.0749247534345053,0.0570003889295792,0.0489464704837875,0.0410991094413612,0.0672413214524588,0.0338684733469471,0.156942931760577,0.0520296469773729,0.116672489694484
"COMB_AT1G04480_AT2G33370_AT3G04400",8,0,0.124628139736987,0.0585534284750672,0.0383998092565999,0.0335097598227139,0.0333680917678057,0.0364214774806026,0.0255512850366784,0.0214033211063587,0.0173477156376536,0.012250560512164,0.00753309309810315,0.00680386364409035,0.111538663045211,0.0550161207980247,0.123542450108786,0.128097261227471,0.166034959245682
"AT1G48920",14,0,0.104090601024321,0.00435279951768291,0.0059492859007808,0.0213567651170786,0.0237175168250724,0.0452244392294446,0.070546567314635,0.0687293983775275,0.078806946543802,0.0619949375719138,0.0572181668731543,0.0516210102826273,0.0958828413319295,0.00840141708344456,0.19888554178337,0.0100623435505947,0.0931594216726211
"AT2G38380",4,0,0.0434392684298124,0.0607268998637316,0.0339714269931879,0.0334262066384547,0.0308474122659029,0.050419823239936,0.0659255300395439,0.0901956516802014,0.0902473053808578,0.0918076910635714,0.0805283700141516,0.077402786584625,0.0500664112072581,0.0157235919607605,0.139916621936838,0.00534141426075366,0.0400135884404136
"AT1G53240",8,0,0.0690692101969817,0.00791844546103958,0.01217354054451,0.0257263552756417,0.0367327655347016,0.0583531002529649,0.0663625766395839,0.0900393140708231,0.0857075473112519,0.0993168871653944,0.100386658522007,0.129220340367751,0.0759825995011454,0.0431714760125574,0.0170826334408038,0.0453312786312033,0.0374252710716399
"AT5G11520",8,0,0.0717580871551229,0.0163893055695063,0.0361593953790631,0.0106472475900358,0.0101821458635264,0.0107700751425957,0.0112274157688483,0.0201701677042663,0.0161230130976957,0.026769459558041,0.021004294315621,0.0145303844930233,0.0778328649260041,0.20622374211168,0.0154536148333745,0.328602367471327,0.106156419020269
"AT3G49010",4,0,0.0419565590007618,0.0521451154816429,0.0445035275781897,0.0645353326208409,0.0356502523838567,0.050661276061731,0.025530243315243,0.0213732584938754,0.0167753963695019,0.0122915461574812,0.0112924620149035,0.0110236024412531,0.114634087725536,0.0699463117126316,0.100235659022064,0.123640491681772,0.203804877938715
